717.0302734375 169.1370849609375
725.050537109375 190.09898376464844
733.4824829101562 210.89794921875
742.710693359375 231.35494995117188
752.3296508789062 251.6329803466797
761.0411987304688 272.3113708496094
767.47802734375 293.79278564453125
769.7035522460938 316.0653381347656
765.5682373046875 338.0431823730469
756.10302734375 358.35369873046875
743.606689453125 376.9814147949219
729.529052734375 394.4559326171875
714.1245727539062 410.7667541503906
696.8358764648438 425.0448913574219
677.595458984375 436.5683288574219
657.3736572265625 446.3003845214844
636.9078369140625 455.511962890625
621.9830932617188 461.0295715332031
606.2865600585938 463.3271789550781
591.14794921875 459.1285705566406
578.1513061523438 449.9485778808594
563.7316284179688 443.21588134765625
551.0964965820312 433.6507568359375
540.8893432617188 421.44720458984375
531.7732543945312 408.3948059082031
522.1749267578125 395.7030334472656
511.1125183105469 384.259765625
499.9044189453125 372.9599304199219
490.9582824707031 359.827880859375
484.1129455566406 345.45880126953125
477.6427917480469 330.9118347167969
470.5453796386719 316.6608581542969
462.99456787109375 302.6436462402344
642.2914428710938 192.0487823486328
610.9605102539062 176.0358428955078
583.863525390625 183.82398986816406
563.5877075195312 198.0557403564453
544.3670654296875 216.0518035888672
551.449951171875 229.61827087402344
570.6494750976562 213.0294647216797
590.09765625 196.35479736328125
616.019775390625 187.2732391357422
493.8257141113281 250.60565185546875
477.64202880859375 250.5153350830078
464.4937744140625 254.9733428955078
452.42340087890625 261.4416809082031
454.60150146484375 282.97698974609375
457.4699401855469 270.4870300292969
471.7568359375 267.41046142578125
484.86712646484375 264.3685607910156
498.89447021484375 260.43511962890625
535.5980224609375 269.0984802246094
536.0726928710938 287.411865234375
536.952880859375 305.70782470703125
537.39697265625 324.00238037109375
584.2688598632812 322.4146728515625
573.7020263671875 328.8476257324219
565.4118041992188 338.0528869628906
555.6848754882812 341.5928955078125
545.6549072265625 344.6146545410156
631.7863159179688 222.9988555908203
613.9776000976562 222.60821533203125
596.9984130859375 228.00479125976562
585.6243286132812 236.30514526367188
580.766357421875 249.63233947753906
594.5629272460938 248.35057067871094
607.735107421875 244.16685485839844
620.8657836914062 234.8791046142578
514.8488159179688 284.9713439941406
499.6270446777344 285.0265197753906
485.3050231933594 289.9899597167969
477.66131591796875 297.7877197265625
475.1614990234375 308.54608154296875
485.4237976074219 310.6705627441406
495.45281982421875 308.017333984375
506.6173095703125 297.7962341308594
649.9590454101562 342.6462707519531
617.955810546875 348.1871032714844
588.8086547851562 362.3316345214844
584.2692260742188 365.2776184082031
578.9808959960938 368.38153076171875
559.6354370117188 378.3056640625
552.1451416015625 398.3487243652344
568.5121459960938 401.3626403808594
584.7128295898438 397.8841857910156
599.3716430664062 389.9657897949219
617.9308471679688 375.84698486328125
636.2476806640625 361.4160461425781
645.6165771484375 345.2915954589844
618.9742431640625 361.2142028808594
592.0025634765625 376.52191162109375
574.8255615234375 387.5860900878906
556.2324829101562 396.0780029296875
574.460693359375 387.777587890625
591.32763671875 376.9947204589844
618.6058959960938 361.39898681640625
595.6364135742188 239.11996459960938
483.5254821777344 303.2774353027344
